{
  "dense": {
    "low": {
      "4": [
        [0, 8, 8, 2],
        [8, 0, 8, 3],
        [8, 8, 0, 5],
        [2, 3, 5, 0]
      ],
      "5": [
        [0, 4, 3, 6, 7],
        [4, 0, 3, 6, 6],
        [3, 3, 0, 8, 7],
        [6, 6, 8, 0, 5],
        [7, 6, 7, 5, 0]
      ],
      "6": [
        [0, 9, 4, 7, 2, 1],
        [9, 0, 2, 3, 5, 7],
        [4, 2, 0, 1, 2, 6],
        [7, 3, 1, 0, 1, 9],
        [2, 5, 2, 1, 0, 6],
        [1, 7, 6, 9, 6, 0]
      ],
      "7": [
        [0, 5, 1, 6, 4, 2, 1],
        [5, 0, 5, 2, 8, 3, 4],
        [1, 5, 0, 8, 7, 1, 6],
        [6, 2, 8, 0, 7, 4, 5],
        [4, 8, 7, 7, 0, 8, 9],
        [2, 3, 1, 4, 8, 0, 7],
        [1, 4, 6, 5, 9, 7, 0]
      ],
      "8": [
        [0, 1, 2, 4, 5, 4, 8, 2],
        [1, 0, 2, 6, 5, 4, 9, 7],
        [2, 2, 0, 8, 8, 2, 6, 9],
        [4, 6, 8, 0, 5, 4, 3, 2],
        [5, 5, 8, 5, 0, 7, 7, 4],
        [4, 4, 2, 4, 7, 0, 2, 7],
        [8, 9, 6, 3, 7, 2, 0, 6],
        [2, 7, 9, 2, 4, 7, 6, 0]
      ],
      "10": [
        [0, 6, 8, 6, 9, 4, 3, 8, 7, 9],
        [6, 0, 3, 6, 6, 1, 3, 2, 2, 9],
        [8, 3, 0, 8, 8, 8, 3, 6, 5, 7],
        [6, 6, 8, 0, 6, 7, 6, 1, 1, 9],
        [9, 6, 8, 6, 0, 8, 8, 3, 2, 2],
        [4, 1, 8, 7, 8, 0, 4, 9, 1, 3],
        [3, 3, 3, 6, 8, 4, 0, 1, 5, 9],
        [8, 2, 6, 1, 3, 9, 1, 0, 1, 1],
        [7, 2, 5, 1, 2, 1, 5, 1, 0, 4],
        [9, 9, 7, 9, 2, 3, 9, 1, 4, 0]
      ],
      "11": [
        [0, 7, 4, 3, 2, 2, 7, 8, 3, 4, 3],
        [7, 0, 4, 4, 5, 9, 2, 2, 6, 6, 8],
        [4, 4, 0, 2, 3, 4, 9, 4, 5, 8, 6],
        [3, 4, 2, 0, 9, 8, 9, 7, 8, 1, 9],
        [2, 5, 3, 9, 0, 9, 8, 7, 9, 5, 7],
        [2, 9, 4, 8, 9, 0, 5, 6, 6, 6, 4],
        [7, 2, 9, 9, 8, 5, 0, 7, 8, 9, 3],
        [8, 2, 4, 7, 7, 6, 7, 0, 6, 1, 4],
        [3, 6, 5, 8, 9, 6, 8, 6, 0, 1, 3],
        [4, 6, 8, 1, 5, 6, 9, 1, 1, 0, 1],
        [3, 8, 6, 9, 7, 4, 3, 4, 3, 1, 0]
      ],
      "12": [
        [0, 5, 2, 2, 2, 3, 2, 4, 7, 6, 9, 1],
        [5, 0, 1, 7, 4, 7, 2, 9, 3, 7, 5, 1],
        [2, 1, 0, 5, 1, 4, 7, 8, 8, 7, 3, 5],
        [2, 7, 5, 0, 7, 2, 3, 6, 2, 7, 4, 2],
        [2, 4, 1, 7, 0, 2, 4, 8, 6, 6, 8, 5],
        [3, 7, 4, 2, 2, 0, 2, 5, 5, 7, 5, 6],
        [2, 2, 7, 3, 4, 2, 0, 4, 8, 7, 6, 6],
        [4, 9, 8, 6, 8, 5, 4, 0, 6, 5, 7, 5],
        [7, 3, 8, 2, 6, 5, 8, 6, 0, 9, 1, 2],
        [6, 7, 7, 7, 6, 7, 7, 5, 9, 0, 7, 2],
        [9, 5, 3, 4, 8, 5, 6, 7, 1, 7, 0, 7],
        [1, 1, 5, 2, 5, 6, 6, 5, 2, 2, 7, 0]
      ],
      "15": [
        [0, 4, 6, 1, 6, 3, 2, 4, 6, 9, 2, 3, 1, 4, 4],
        [4, 0, 3, 5, 9, 6, 9, 2, 8, 1, 3, 3, 9, 2, 4],
        [6, 3, 0, 5, 9, 9, 7, 8, 4, 3, 4, 3, 8, 9, 7],
        [1, 5, 5, 0, 8, 4, 9, 3, 7, 3, 4, 3, 5, 5, 3],
        [6, 9, 9, 8, 0, 6, 9, 1, 4, 5, 2, 2, 3, 2, 3],
        [3, 6, 9, 4, 6, 0, 9, 6, 5, 2, 4, 7, 5, 6, 5],
        [2, 9, 7, 9, 9, 9, 0, 9, 9, 5, 4, 5, 6, 5, 5],
        [4, 2, 8, 3, 1, 6, 9, 0, 2, 9, 8, 8, 2, 5, 7],
        [6, 8, 4, 7, 4, 5, 9, 2, 0, 3, 1, 3, 1, 3, 9],
        [9, 1, 3, 3, 5, 2, 5, 9, 3, 0, 1, 3, 5, 2, 9],
        [2, 3, 4, 4, 2, 4, 4, 8, 1, 1, 0, 8, 3, 1, 4],
        [3, 3, 3, 3, 2, 7, 5, 8, 3, 3, 8, 0, 5, 2, 8],
        [1, 9, 8, 5, 3, 5, 6, 2, 1, 5, 3, 5, 0, 9, 3],
        [4, 2, 9, 5, 2, 6, 5, 5, 3, 2, 1, 2, 9, 0, 5],
        [4, 4, 7, 3, 3, 5, 5, 7, 9, 9, 4, 8, 3, 5, 0]
      ],
      "20": [
        [0, 2, 1, 9, 1, 5, 1, 8, 9, 6, 8, 4, 7, 2, 2, 3, 9, 8, 2, 4],
        [2, 0, 4, 6, 7, 5, 2, 3, 4, 5, 8, 5, 5, 7, 7, 1, 7, 4, 3, 2],
        [1, 4, 0, 1, 1, 8, 1, 3, 7, 9, 1, 1, 5, 8, 3, 8, 2, 1, 9, 9],
        [9, 6, 1, 0, 5, 9, 5, 1, 2, 2, 1, 6, 4, 9, 5, 5, 5, 2, 4, 7],
        [1, 7, 1, 5, 0, 3, 7, 2, 8, 5, 3, 2, 1, 6, 7, 3, 1, 1, 1, 6],
        [5, 5, 8, 9, 3, 0, 8, 5, 9, 6, 5, 2, 8, 4, 6, 5, 9, 8, 6, 7],
        [1, 2, 1, 5, 7, 8, 0, 3, 7, 3, 4, 2, 6, 8, 7, 2, 4, 9, 8, 9],
        [8, 3, 3, 1, 2, 5, 3, 0, 2, 4, 7, 5, 8, 8, 9, 5, 7, 8, 3, 8],
        [9, 4, 7, 2, 8, 9, 7, 2, 0, 6, 6, 7, 7, 6, 7, 1, 6, 2, 3, 2],
        [6, 5, 9, 2, 5, 6, 3, 4, 6, 0, 5, 7, 3, 4, 4, 4, 8, 1, 4, 2],
        [8, 8, 1, 1, 3, 5, 4, 7, 6, 5, 0, 5, 8, 5, 4, 1, 3, 4, 1, 2],
        [4, 5, 1, 6, 2, 2, 2, 5, 7, 7, 5, 0, 2, 8, 3, 9, 2, 4, 3, 1],
        [7, 5, 5, 4, 1, 8, 6, 8, 7, 3, 8, 2, 0, 1, 2, 7, 5, 2, 3, 2],
        [2, 7, 8, 9, 6, 4, 8, 8, 6, 4, 5, 8, 1, 0, 9, 2, 7, 5, 7, 9],
        [2, 7, 3, 5, 7, 6, 7, 9, 7, 4, 4, 3, 2, 9, 0, 8, 1, 6, 1, 5],
        [3, 1, 8, 5, 3, 5, 2, 5, 1, 4, 1, 9, 7, 2, 8, 0, 1, 1, 3, 5],
        [9, 7, 2, 5, 1, 9, 4, 7, 6, 8, 3, 2, 5, 7, 1, 1, 0, 4, 7, 9],
        [8, 4, 1, 2, 1, 8, 9, 8, 2, 1, 4, 4, 2, 5, 6, 1, 4, 0, 8, 3],
        [2, 3, 9, 4, 1, 6, 8, 3, 3, 4, 1, 3, 3, 7, 1, 3, 7, 8, 0, 7],
        [4, 2, 9, 7, 6, 7, 9, 8, 2, 2, 2, 1, 2, 9, 5, 5, 9, 3, 7, 0]
      ],
      "69": [
        [
          0, 4, 3, 5, 7, 1, 1, 2, 8, 3, 3, 9, 3, 5, 3, 6, 9, 3, 3, 5, 6, 2, 3,
          7, 1, 8, 8, 5, 7, 6, 5, 4, 1, 4, 9, 1, 5, 2, 7, 9, 8, 7, 5, 3, 4, 8,
          7, 4, 7, 3, 2, 9, 4, 4, 5, 6, 5, 3, 2, 6, 2, 7, 6, 1, 1, 8, 9, 3, 9
        ],
        [
          4, 0, 8, 9, 7, 3, 6, 8, 7, 9, 8, 4, 7, 7, 7, 1, 7, 3, 9, 5, 6, 8, 7,
          7, 1, 3, 5, 5, 3, 3, 1, 5, 1, 3, 2, 9, 6, 5, 1, 2, 4, 1, 1, 4, 4, 6,
          2, 8, 5, 1, 1, 9, 1, 5, 7, 8, 4, 4, 2, 1, 3, 9, 7, 2, 9, 3, 6, 3, 6
        ],
        [
          3, 8, 0, 2, 4, 6, 9, 2, 6, 8, 4, 5, 1, 2, 2, 8, 4, 6, 6, 8, 5, 8, 8,
          1, 6, 9, 4, 9, 3, 8, 5, 2, 9, 9, 1, 8, 4, 7, 6, 6, 7, 7, 9, 4, 8, 3,
          2, 3, 2, 7, 2, 9, 4, 7, 8, 7, 5, 4, 9, 1, 1, 4, 6, 2, 9, 2, 3, 6, 9
        ],
        [
          5, 9, 2, 0, 4, 5, 5, 1, 6, 8, 3, 1, 1, 7, 2, 8, 7, 3, 1, 9, 1, 5, 5,
          7, 1, 2, 1, 7, 7, 5, 4, 3, 1, 7, 5, 9, 5, 2, 8, 3, 5, 4, 6, 6, 4, 2,
          6, 6, 3, 2, 8, 8, 8, 9, 6, 4, 3, 8, 5, 6, 6, 6, 5, 4, 9, 6, 6, 5, 2
        ],
        [
          7, 7, 4, 4, 0, 9, 7, 8, 8, 6, 3, 3, 3, 1, 4, 5, 7, 2, 9, 2, 9, 2, 6,
          7, 7, 6, 9, 3, 9, 7, 9, 9, 4, 6, 6, 6, 8, 7, 1, 2, 2, 8, 3, 8, 7, 9,
          5, 7, 9, 2, 1, 4, 2, 6, 3, 9, 4, 2, 8, 8, 2, 7, 7, 2, 4, 9, 2, 7, 3
        ],
        [
          1, 3, 6, 5, 9, 0, 8, 4, 4, 5, 2, 9, 3, 1, 6, 4, 7, 3, 8, 8, 1, 7, 7,
          4, 3, 4, 2, 2, 8, 4, 6, 1, 3, 6, 8, 1, 9, 8, 4, 3, 2, 3, 6, 4, 2, 8,
          2, 4, 6, 5, 1, 1, 3, 9, 6, 9, 6, 7, 1, 8, 4, 4, 7, 5, 3, 8, 9, 6, 4
        ],
        [
          1, 6, 9, 5, 7, 8, 0, 8, 8, 7, 3, 3, 2, 8, 6, 8, 5, 3, 2, 3, 3, 7, 3,
          1, 2, 1, 4, 5, 6, 6, 3, 1, 8, 3, 4, 2, 1, 1, 2, 9, 1, 2, 4, 2, 1, 6,
          4, 7, 9, 7, 7, 8, 2, 5, 2, 4, 5, 4, 3, 7, 7, 7, 5, 2, 7, 1, 5, 1, 1
        ],
        [
          2, 8, 2, 1, 8, 4, 8, 0, 2, 5, 4, 5, 1, 4, 8, 1, 1, 8, 3, 4, 6, 8, 1,
          6, 2, 3, 8, 7, 4, 8, 5, 8, 9, 1, 6, 9, 5, 4, 1, 4, 8, 3, 4, 4, 7, 7,
          3, 6, 1, 4, 2, 9, 1, 6, 7, 6, 1, 3, 2, 6, 8, 1, 3, 1, 6, 6, 1, 2, 8
        ],
        [
          8, 7, 6, 6, 8, 4, 8, 2, 0, 5, 7, 2, 7, 4, 4, 6, 2, 2, 3, 2, 6, 5, 2,
          9, 2, 6, 3, 7, 5, 7, 6, 3, 8, 9, 4, 9, 5, 9, 2, 4, 1, 2, 1, 5, 8, 1,
          4, 1, 2, 8, 5, 5, 8, 3, 8, 1, 1, 2, 3, 3, 9, 8, 6, 8, 9, 6, 5, 3, 1
        ],
        [
          3, 9, 8, 8, 6, 5, 7, 5, 5, 0, 5, 9, 8, 4, 9, 6, 4, 5, 9, 7, 8, 9, 6,
          5, 1, 5, 5, 7, 9, 3, 2, 5, 2, 9, 7, 5, 8, 5, 7, 5, 7, 5, 6, 5, 9, 2,
          4, 1, 4, 7, 1, 4, 7, 5, 8, 3, 1, 7, 8, 4, 6, 4, 9, 4, 1, 3, 7, 9, 9
        ],
        [
          3, 8, 4, 3, 3, 2, 3, 4, 7, 5, 0, 3, 1, 1, 2, 2, 6, 6, 3, 1, 5, 7, 9,
          2, 1, 5, 4, 5, 4, 6, 4, 8, 4, 5, 9, 5, 9, 7, 7, 6, 2, 8, 9, 3, 4, 8,
          7, 6, 9, 2, 1, 9, 7, 9, 6, 3, 1, 3, 4, 4, 6, 4, 7, 8, 1, 6, 7, 5, 6
        ],
        [
          9, 4, 5, 1, 3, 9, 3, 5, 2, 9, 3, 0, 3, 8, 7, 5, 9, 8, 1, 5, 9, 7, 7,
          2, 3, 9, 8, 9, 6, 2, 6, 1, 6, 5, 4, 2, 9, 8, 3, 8, 6, 5, 7, 4, 4, 4,
          7, 3, 6, 9, 9, 3, 3, 6, 4, 3, 4, 1, 1, 3, 6, 1, 6, 2, 5, 3, 5, 9, 8
        ],
        [
          3, 7, 1, 1, 3, 3, 2, 1, 7, 8, 1, 3, 0, 6, 7, 5, 8, 4, 9, 6, 9, 5, 4,
          8, 9, 8, 1, 4, 6, 7, 9, 4, 8, 1, 1, 8, 4, 7, 2, 2, 6, 6, 5, 5, 9, 3,
          5, 4, 8, 4, 8, 2, 6, 9, 7, 4, 9, 9, 6, 7, 2, 3, 8, 1, 6, 3, 3, 3, 3
        ],
        [
          5, 7, 2, 7, 1, 1, 8, 4, 4, 4, 1, 8, 6, 0, 9, 8, 4, 7, 6, 7, 5, 3, 1,
          6, 4, 3, 6, 4, 2, 9, 8, 9, 8, 2, 2, 4, 9, 2, 4, 5, 9, 5, 3, 2, 3, 9,
          8, 7, 7, 3, 2, 4, 4, 8, 9, 1, 2, 2, 2, 4, 9, 9, 9, 1, 9, 8, 5, 3, 1
        ],
        [
          3, 7, 2, 2, 4, 6, 6, 8, 4, 9, 2, 7, 7, 9, 0, 2, 8, 3, 3, 3, 4, 5, 9,
          6, 4, 6, 4, 2, 1, 4, 9, 7, 3, 8, 2, 7, 5, 6, 8, 7, 1, 3, 4, 8, 5, 5,
          9, 1, 4, 8, 8, 6, 5, 5, 1, 7, 5, 3, 9, 1, 9, 3, 7, 5, 9, 1, 3, 5, 1
        ],
        [
          6, 1, 8, 8, 5, 4, 8, 1, 6, 6, 2, 5, 5, 8, 2, 0, 2, 4, 2, 9, 9, 9, 1,
          7, 9, 1, 2, 2, 9, 3, 4, 9, 1, 8, 3, 3, 2, 6, 9, 4, 8, 9, 1, 9, 8, 2,
          2, 3, 9, 7, 2, 7, 6, 4, 3, 2, 9, 5, 6, 7, 7, 4, 5, 1, 3, 3, 7, 7, 9
        ],
        [
          9, 7, 4, 7, 7, 7, 5, 1, 2, 4, 6, 9, 8, 4, 8, 2, 0, 7, 4, 5, 9, 8, 2,
          9, 4, 8, 6, 8, 9, 9, 7, 6, 7, 6, 5, 5, 2, 2, 3, 4, 5, 4, 9, 3, 6, 9,
          8, 7, 3, 6, 3, 8, 4, 4, 8, 5, 4, 5, 4, 7, 9, 3, 7, 6, 1, 6, 1, 3, 4
        ],
        [
          3, 3, 6, 3, 2, 3, 3, 8, 2, 5, 6, 8, 4, 7, 3, 4, 7, 0, 8, 7, 4, 3, 6,
          8, 1, 3, 9, 5, 9, 6, 6, 4, 4, 1, 4, 2, 2, 7, 5, 8, 4, 9, 8, 1, 8, 9,
          5, 8, 8, 9, 3, 9, 3, 3, 7, 8, 6, 6, 7, 9, 3, 4, 9, 8, 2, 2, 7, 7, 6
        ],
        [
          3, 9, 6, 1, 9, 8, 2, 3, 3, 9, 3, 1, 9, 6, 3, 2, 4, 8, 0, 6, 8, 5, 2,
          5, 9, 5, 2, 3, 4, 6, 8, 2, 4, 1, 3, 3, 6, 7, 1, 2, 9, 5, 7, 5, 2, 8,
          8, 6, 8, 7, 3, 6, 2, 2, 3, 1, 4, 8, 2, 2, 1, 5, 8, 9, 2, 5, 6, 4, 7
        ],
        [
          5, 5, 8, 9, 2, 8, 3, 4, 2, 7, 1, 5, 6, 7, 3, 9, 5, 7, 6, 0, 2, 9, 4,
          4, 4, 9, 1, 7, 5, 7, 7, 1, 6, 9, 7, 8, 1, 5, 9, 9, 6, 5, 8, 5, 7, 5,
          8, 7, 2, 4, 3, 3, 5, 4, 3, 7, 1, 6, 1, 7, 1, 5, 4, 1, 7, 4, 8, 9, 9
        ],
        [
          6, 6, 5, 1, 9, 1, 3, 6, 6, 8, 5, 9, 9, 5, 4, 9, 9, 4, 8, 2, 0, 7, 8,
          2, 8, 5, 8, 4, 5, 1, 2, 3, 4, 5, 8, 1, 9, 9, 7, 3, 8, 2, 3, 1, 8, 7,
          1, 8, 1, 6, 6, 4, 7, 9, 9, 5, 6, 4, 4, 7, 1, 8, 5, 7, 7, 7, 4, 3, 1
        ],
        [
          2, 8, 8, 5, 2, 7, 7, 8, 5, 9, 7, 7, 5, 3, 5, 9, 8, 3, 5, 9, 7, 0, 5,
          9, 4, 1, 2, 4, 4, 2, 6, 7, 7, 3, 3, 5, 6, 4, 6, 1, 3, 5, 3, 7, 8, 9,
          3, 8, 2, 9, 2, 5, 7, 7, 8, 2, 6, 7, 2, 2, 7, 3, 6, 5, 1, 7, 1, 7, 9
        ],
        [
          3, 7, 8, 5, 6, 7, 3, 1, 2, 6, 9, 7, 4, 1, 9, 1, 2, 6, 2, 4, 8, 5, 0,
          8, 4, 4, 8, 8, 8, 2, 4, 5, 3, 5, 5, 6, 4, 3, 7, 4, 8, 4, 6, 9, 4, 9,
          2, 9, 4, 9, 2, 7, 9, 3, 5, 9, 5, 6, 1, 3, 9, 3, 5, 1, 3, 3, 9, 6, 6
        ],
        [
          7, 7, 1, 7, 7, 4, 1, 6, 9, 5, 2, 2, 8, 6, 6, 7, 9, 8, 5, 4, 2, 9, 8,
          0, 7, 5, 4, 2, 7, 9, 9, 7, 4, 5, 1, 7, 6, 8, 4, 4, 9, 4, 8, 6, 8, 6,
          4, 8, 4, 5, 4, 5, 5, 5, 4, 9, 4, 8, 6, 2, 2, 8, 5, 2, 1, 6, 1, 9, 5
        ],
        [
          1, 1, 6, 1, 7, 3, 2, 2, 2, 1, 1, 3, 9, 4, 4, 9, 4, 1, 9, 4, 8, 4, 4,
          7, 0, 1, 6, 5, 9, 4, 3, 1, 5, 1, 3, 5, 4, 1, 2, 3, 2, 2, 8, 8, 5, 3,
          2, 3, 8, 5, 1, 7, 3, 6, 3, 7, 2, 6, 4, 5, 8, 1, 5, 7, 5, 4, 9, 7, 7
        ],
        [
          8, 3, 9, 2, 6, 4, 1, 3, 6, 5, 5, 9, 8, 3, 6, 1, 8, 3, 5, 9, 5, 1, 4,
          5, 1, 0, 5, 6, 5, 3, 1, 3, 7, 8, 3, 6, 9, 7, 8, 2, 2, 2, 9, 4, 4, 5,
          4, 6, 8, 9, 4, 4, 3, 5, 1, 1, 4, 3, 8, 3, 2, 2, 9, 2, 5, 6, 4, 3, 5
        ],
        [
          8, 5, 4, 1, 9, 2, 4, 8, 3, 5, 4, 8, 1, 6, 4, 2, 6, 9, 2, 1, 8, 2, 8,
          4, 6, 5, 0, 6, 3, 3, 5, 5, 2, 8, 6, 2, 2, 3, 9, 2, 1, 7, 9, 2, 2, 3,
          3, 9, 2, 7, 3, 5, 6, 4, 6, 2, 9, 5, 8, 2, 2, 3, 5, 4, 6, 9, 9, 6, 8
        ],
        [
          5, 5, 9, 7, 3, 2, 5, 7, 7, 7, 5, 9, 4, 4, 2, 2, 8, 5, 3, 7, 4, 4, 8,
          2, 5, 6, 6, 0, 3, 7, 9, 9, 6, 6, 8, 2, 3, 5, 6, 2, 1, 7, 8, 6, 3, 1,
          8, 9, 1, 2, 8, 7, 9, 7, 5, 7, 8, 6, 9, 4, 6, 2, 9, 1, 6, 4, 8, 7, 2
        ],
        [
          7, 3, 3, 7, 9, 8, 6, 4, 5, 9, 4, 6, 6, 2, 1, 9, 9, 9, 4, 5, 5, 4, 8,
          7, 9, 5, 3, 3, 0, 6, 3, 7, 5, 2, 2, 8, 6, 4, 4, 7, 8, 6, 8, 9, 7, 2,
          9, 9, 8, 5, 8, 9, 1, 8, 7, 7, 9, 8, 3, 6, 1, 6, 7, 9, 7, 3, 5, 6, 7
        ],
        [
          6, 3, 8, 5, 7, 4, 6, 8, 7, 3, 6, 2, 7, 9, 4, 3, 9, 6, 6, 7, 1, 2, 2,
          9, 4, 3, 3, 7, 6, 0, 2, 6, 6, 7, 5, 7, 6, 3, 7, 5, 1, 1, 9, 1, 2, 3,
          7, 3, 7, 3, 7, 9, 4, 4, 2, 3, 9, 7, 9, 5, 2, 8, 4, 3, 7, 7, 1, 8, 3
        ],
        [
          5, 1, 5, 4, 9, 6, 3, 5, 6, 2, 4, 6, 9, 8, 9, 4, 7, 6, 8, 7, 2, 6, 4,
          9, 3, 1, 5, 9, 3, 2, 0, 7, 3, 1, 4, 4, 8, 7, 6, 4, 8, 8, 4, 3, 8, 1,
          3, 1, 5, 2, 1, 3, 4, 8, 7, 9, 4, 4, 8, 8, 1, 9, 7, 7, 8, 8, 9, 1, 9
        ],
        [
          4, 5, 2, 3, 9, 1, 1, 8, 3, 5, 8, 1, 4, 9, 7, 9, 6, 4, 2, 1, 3, 7, 5,
          7, 1, 3, 5, 9, 7, 6, 7, 0, 4, 4, 9, 2, 2, 6, 9, 3, 6, 6, 4, 2, 3, 8,
          6, 4, 7, 1, 5, 7, 3, 5, 7, 7, 6, 3, 5, 4, 8, 8, 2, 6, 9, 4, 7, 9, 6
        ],
        [
          1, 1, 9, 1, 4, 3, 8, 9, 8, 2, 4, 6, 8, 8, 3, 1, 7, 4, 4, 6, 4, 7, 3,
          4, 5, 7, 2, 6, 5, 6, 3, 4, 0, 9, 2, 8, 4, 9, 9, 9, 1, 4, 5, 9, 7, 6,
          3, 2, 4, 9, 9, 2, 8, 3, 1, 1, 9, 6, 2, 4, 3, 5, 7, 6, 7, 1, 9, 3, 6
        ],
        [
          4, 3, 9, 7, 6, 6, 3, 1, 9, 9, 5, 5, 1, 2, 8, 8, 6, 1, 1, 9, 5, 3, 5,
          5, 1, 8, 8, 6, 2, 7, 1, 4, 9, 0, 8, 3, 2, 4, 2, 9, 2, 3, 7, 8, 7, 2,
          9, 4, 2, 2, 2, 7, 4, 7, 1, 3, 7, 9, 2, 1, 2, 1, 9, 7, 1, 9, 9, 8, 3
        ],
        [
          9, 2, 1, 5, 6, 8, 4, 6, 4, 7, 9, 4, 1, 2, 2, 3, 5, 4, 3, 7, 8, 3, 5,
          1, 3, 3, 6, 8, 2, 5, 4, 9, 2, 8, 0, 1, 5, 3, 9, 1, 4, 8, 5, 9, 7, 9,
          1, 4, 4, 6, 3, 8, 2, 2, 1, 6, 5, 3, 2, 3, 1, 5, 8, 4, 5, 9, 2, 2, 1
        ],
        [
          1, 9, 8, 9, 6, 1, 2, 9, 9, 5, 5, 2, 8, 4, 7, 3, 5, 2, 3, 8, 1, 5, 6,
          7, 5, 6, 2, 2, 8, 7, 4, 2, 8, 3, 1, 0, 4, 5, 9, 5, 7, 2, 3, 5, 9, 5,
          6, 3, 2, 4, 8, 3, 3, 7, 6, 2, 5, 4, 1, 4, 3, 3, 3, 9, 4, 9, 8, 9, 1
        ],
        [
          5, 6, 4, 5, 8, 9, 1, 5, 5, 8, 9, 9, 4, 9, 5, 2, 2, 2, 6, 1, 9, 6, 4,
          6, 4, 9, 2, 3, 6, 6, 8, 2, 4, 2, 5, 4, 0, 8, 3, 7, 1, 3, 2, 9, 7, 1,
          1, 2, 2, 1, 7, 8, 8, 4, 3, 7, 8, 8, 8, 3, 2, 9, 3, 9, 3, 1, 5, 3, 2
        ],
        [
          2, 5, 7, 2, 7, 8, 1, 4, 9, 5, 7, 8, 7, 2, 6, 6, 2, 7, 7, 5, 9, 4, 3,
          8, 1, 7, 3, 5, 4, 3, 7, 6, 9, 4, 3, 5, 8, 0, 6, 3, 1, 9, 7, 7, 4, 7,
          1, 7, 3, 9, 2, 3, 3, 4, 2, 2, 8, 1, 1, 4, 1, 5, 5, 2, 9, 5, 2, 9, 9
        ],
        [
          7, 1, 6, 8, 1, 4, 2, 1, 2, 7, 7, 3, 2, 4, 8, 9, 3, 5, 1, 9, 7, 6, 7,
          4, 2, 8, 9, 6, 4, 7, 6, 9, 9, 2, 9, 9, 3, 6, 0, 5, 2, 4, 8, 1, 7, 1,
          5, 7, 3, 4, 1, 4, 5, 6, 8, 2, 8, 4, 7, 7, 3, 9, 6, 6, 3, 2, 3, 5, 9
        ],
        [
          9, 2, 6, 3, 2, 3, 9, 4, 4, 5, 6, 8, 2, 5, 7, 4, 4, 8, 2, 9, 3, 1, 4,
          4, 3, 2, 2, 2, 7, 5, 4, 3, 9, 9, 1, 5, 7, 3, 5, 0, 5, 9, 3, 5, 8, 6,
          3, 9, 6, 3, 3, 2, 2, 7, 6, 1, 4, 1, 1, 1, 8, 1, 6, 1, 1, 3, 5, 5, 5
        ],
        [
          8, 4, 7, 5, 2, 2, 1, 8, 1, 7, 2, 6, 6, 9, 1, 8, 5, 4, 9, 6, 8, 3, 8,
          9, 2, 2, 1, 1, 8, 1, 8, 6, 1, 2, 4, 7, 1, 1, 2, 5, 0, 6, 6, 9, 3, 6,
          1, 9, 2, 5, 9, 9, 4, 5, 1, 6, 2, 9, 3, 5, 7, 2, 6, 6, 9, 5, 9, 3, 2
        ],
        [
          7, 1, 7, 4, 8, 3, 2, 3, 2, 5, 8, 5, 6, 5, 3, 9, 4, 9, 5, 5, 2, 5, 4,
          4, 2, 2, 7, 7, 6, 1, 8, 6, 4, 3, 8, 2, 3, 9, 4, 9, 6, 0, 7, 3, 1, 4,
          3, 1, 2, 4, 2, 4, 9, 8, 2, 4, 7, 4, 8, 5, 5, 4, 4, 5, 2, 2, 7, 2, 6
        ],
        [
          5, 1, 9, 6, 3, 6, 4, 4, 1, 6, 9, 7, 5, 3, 4, 1, 9, 8, 7, 8, 3, 3, 6,
          8, 8, 9, 9, 8, 8, 9, 4, 4, 5, 7, 5, 3, 2, 7, 8, 3, 6, 7, 0, 4, 3, 3,
          4, 5, 6, 5, 8, 1, 5, 3, 2, 5, 1, 7, 4, 8, 9, 3, 2, 8, 9, 2, 9, 2, 1
        ],
        [
          3, 4, 4, 6, 8, 4, 2, 4, 5, 5, 3, 4, 5, 2, 8, 9, 3, 1, 5, 5, 1, 7, 9,
          6, 8, 4, 2, 6, 9, 1, 3, 2, 9, 8, 9, 5, 9, 7, 1, 5, 9, 3, 4, 0, 5, 8,
          7, 9, 3, 8, 1, 9, 3, 8, 1, 8, 3, 6, 7, 6, 2, 7, 1, 2, 1, 6, 7, 7, 9
        ],
        [
          4, 4, 8, 4, 7, 2, 1, 7, 8, 9, 4, 4, 9, 3, 5, 8, 6, 8, 2, 7, 8, 8, 4,
          8, 5, 4, 2, 3, 7, 2, 8, 3, 7, 7, 7, 9, 7, 4, 7, 8, 3, 1, 3, 5, 0, 9,
          1, 9, 4, 9, 5, 2, 6, 2, 6, 6, 8, 7, 9, 9, 4, 8, 1, 8, 4, 8, 7, 6, 6
        ],
        [
          8, 6, 3, 2, 9, 8, 6, 7, 1, 2, 8, 4, 3, 9, 5, 2, 9, 9, 8, 5, 7, 9, 9,
          6, 3, 5, 3, 1, 2, 3, 1, 8, 6, 2, 9, 5, 1, 7, 1, 6, 6, 4, 3, 8, 9, 0,
          5, 4, 6, 1, 1, 4, 8, 6, 8, 8, 4, 1, 3, 6, 2, 6, 8, 3, 2, 1, 7, 1, 2
        ],
        [
          7, 2, 2, 6, 5, 2, 4, 3, 4, 4, 7, 7, 5, 8, 9, 2, 8, 5, 8, 8, 1, 3, 2,
          4, 2, 4, 3, 8, 9, 7, 3, 6, 3, 9, 1, 6, 1, 1, 5, 3, 1, 3, 4, 7, 1, 5,
          0, 7, 8, 1, 8, 4, 6, 9, 1, 3, 7, 2, 1, 3, 9, 7, 5, 9, 3, 6, 8, 5, 2
        ],
        [
          4, 8, 3, 6, 7, 4, 7, 6, 1, 1, 6, 3, 4, 7, 1, 3, 7, 8, 6, 7, 8, 8, 9,
          8, 3, 6, 9, 9, 9, 3, 1, 4, 2, 4, 4, 3, 2, 7, 7, 9, 9, 1, 5, 9, 9, 4,
          7, 0, 2, 8, 1, 4, 1, 3, 9, 4, 5, 5, 2, 6, 1, 4, 8, 2, 8, 7, 8, 1, 3
        ],
        [
          7, 5, 2, 3, 9, 6, 9, 1, 2, 4, 9, 6, 8, 7, 4, 9, 3, 8, 8, 2, 1, 2, 4,
          4, 8, 8, 2, 1, 8, 7, 5, 7, 4, 2, 4, 2, 2, 3, 3, 6, 2, 2, 6, 3, 4, 6,
          8, 2, 0, 5, 8, 8, 4, 7, 2, 1, 4, 4, 9, 6, 6, 4, 7, 5, 8, 1, 7, 7, 7
        ],
        [
          3, 1, 7, 2, 2, 5, 7, 4, 8, 7, 2, 9, 4, 3, 8, 7, 6, 9, 7, 4, 6, 9, 9,
          5, 5, 9, 7, 2, 5, 3, 2, 1, 9, 2, 6, 4, 1, 9, 4, 3, 5, 4, 5, 8, 9, 1,
          1, 8, 5, 0, 5, 9, 1, 6, 4, 8, 4, 7, 1, 6, 8, 9, 9, 1, 3, 5, 5, 5, 7
        ],
        [
          2, 1, 2, 8, 1, 1, 7, 2, 5, 1, 1, 9, 8, 2, 8, 2, 3, 3, 3, 3, 6, 2, 2,
          4, 1, 4, 3, 8, 8, 7, 1, 5, 9, 2, 3, 8, 7, 2, 1, 3, 9, 2, 8, 1, 5, 1,
          8, 1, 8, 5, 0, 7, 4, 7, 3, 2, 6, 3, 3, 8, 4, 8, 4, 7, 4, 1, 6, 1, 7
        ],
        [
          9, 9, 9, 8, 4, 1, 8, 9, 5, 4, 9, 3, 2, 4, 6, 7, 8, 9, 6, 3, 4, 5, 7,
          5, 7, 4, 5, 7, 9, 9, 3, 7, 2, 7, 8, 3, 8, 3, 4, 2, 9, 4, 1, 9, 2, 4,
          4, 4, 8, 9, 7, 0, 8, 4, 4, 5, 7, 2, 3, 5, 1, 9, 2, 4, 5, 5, 4, 7, 1
        ],
        [
          4, 1, 4, 8, 2, 3, 2, 1, 8, 7, 7, 3, 6, 4, 5, 6, 4, 3, 2, 5, 7, 7, 9,
          5, 3, 3, 6, 9, 1, 4, 4, 3, 8, 4, 2, 3, 8, 3, 5, 2, 4, 9, 5, 3, 6, 8,
          6, 1, 4, 1, 4, 8, 0, 2, 8, 7, 6, 9, 4, 2, 5, 3, 4, 4, 9, 8, 5, 6, 2
        ],
        [
          4, 5, 7, 9, 6, 9, 5, 6, 3, 5, 9, 6, 9, 8, 5, 4, 4, 3, 2, 4, 9, 7, 3,
          5, 6, 5, 4, 7, 8, 4, 8, 5, 3, 7, 2, 7, 4, 4, 6, 7, 5, 8, 3, 8, 2, 6,
          9, 3, 7, 6, 7, 4, 2, 0, 3, 3, 9, 6, 5, 1, 5, 9, 6, 8, 2, 4, 1, 3, 7
        ],
        [
          5, 7, 8, 6, 3, 6, 2, 7, 8, 8, 6, 4, 7, 9, 1, 3, 8, 7, 3, 3, 9, 8, 5,
          4, 3, 1, 6, 5, 7, 2, 7, 7, 1, 1, 1, 6, 3, 2, 8, 6, 1, 2, 2, 1, 6, 8,
          1, 9, 2, 4, 3, 4, 8, 3, 0, 5, 6, 9, 1, 8, 4, 7, 1, 2, 5, 4, 2, 2, 7
        ],
        [
          6, 8, 7, 4, 9, 9, 4, 6, 1, 3, 3, 3, 4, 1, 7, 2, 5, 8, 1, 7, 5, 2, 9,
          9, 7, 1, 2, 7, 7, 3, 9, 7, 1, 3, 6, 2, 7, 2, 2, 1, 6, 4, 5, 8, 6, 8,
          3, 4, 1, 8, 2, 5, 7, 3, 5, 0, 5, 6, 6, 9, 6, 2, 3, 2, 6, 7, 5, 4, 5
        ],
        [
          5, 4, 5, 3, 4, 6, 5, 1, 1, 1, 1, 4, 9, 2, 5, 9, 4, 6, 4, 1, 6, 6, 5,
          4, 2, 4, 9, 8, 9, 9, 4, 6, 9, 7, 5, 5, 8, 8, 8, 4, 2, 7, 1, 3, 8, 4,
          7, 5, 4, 4, 6, 7, 6, 9, 6, 5, 0, 6, 5, 5, 8, 4, 1, 5, 7, 1, 1, 7, 8
        ],
        [
          3, 4, 4, 8, 2, 7, 4, 3, 2, 7, 3, 1, 9, 2, 3, 5, 5, 6, 8, 6, 4, 7, 6,
          8, 6, 3, 5, 6, 8, 7, 4, 3, 6, 9, 3, 4, 8, 1, 4, 1, 9, 4, 7, 6, 7, 1,
          2, 5, 4, 7, 3, 2, 9, 6, 9, 6, 6, 0, 6, 2, 8, 7, 8, 4, 6, 1, 5, 3, 1
        ],
        [
          2, 2, 9, 5, 8, 1, 3, 2, 3, 8, 4, 1, 6, 2, 9, 6, 4, 7, 2, 1, 4, 2, 1,
          6, 4, 8, 8, 9, 3, 9, 8, 5, 2, 2, 2, 1, 8, 1, 7, 1, 3, 8, 4, 7, 9, 3,
          1, 2, 9, 1, 3, 3, 4, 5, 1, 6, 5, 6, 0, 5, 3, 5, 1, 7, 6, 4, 9, 1, 7
        ],
        [
          6, 1, 1, 6, 8, 8, 7, 6, 3, 4, 4, 3, 7, 4, 1, 7, 7, 9, 2, 7, 7, 2, 3,
          2, 5, 3, 2, 4, 6, 5, 8, 4, 4, 1, 3, 4, 3, 4, 7, 1, 5, 5, 8, 6, 9, 6,
          3, 6, 6, 6, 8, 5, 2, 1, 8, 9, 5, 2, 5, 0, 7, 9, 5, 2, 7, 2, 8, 7, 8
        ],
        [
          2, 3, 1, 6, 2, 4, 7, 8, 9, 6, 6, 6, 2, 9, 9, 7, 9, 3, 1, 1, 1, 7, 9,
          2, 8, 2, 2, 6, 1, 2, 1, 8, 3, 2, 1, 3, 2, 1, 3, 8, 7, 5, 9, 2, 4, 2,
          9, 1, 6, 8, 4, 1, 5, 5, 4, 6, 8, 8, 3, 7, 0, 3, 6, 9, 4, 8, 3, 7, 1
        ],
        [
          7, 9, 4, 6, 7, 4, 7, 1, 8, 4, 4, 1, 3, 9, 3, 4, 3, 4, 5, 5, 8, 3, 3,
          8, 1, 2, 3, 2, 6, 8, 9, 8, 5, 1, 5, 3, 9, 5, 9, 1, 2, 4, 3, 7, 8, 6,
          7, 4, 4, 9, 8, 9, 3, 9, 7, 2, 4, 7, 5, 9, 3, 0, 9, 8, 9, 9, 7, 6, 2
        ],
        [
          6, 7, 6, 5, 7, 7, 5, 3, 6, 9, 7, 6, 8, 9, 7, 5, 7, 9, 8, 4, 5, 6, 5,
          5, 5, 9, 5, 9, 7, 4, 7, 2, 7, 9, 8, 3, 3, 5, 6, 6, 6, 4, 2, 1, 1, 8,
          5, 8, 7, 9, 4, 2, 4, 6, 1, 3, 1, 8, 1, 5, 6, 9, 0, 7, 8, 2, 9, 4, 7
        ],
        [
          1, 2, 2, 4, 2, 5, 2, 1, 8, 4, 8, 2, 1, 1, 5, 1, 6, 8, 9, 1, 7, 5, 1,
          2, 7, 2, 4, 1, 9, 3, 7, 6, 6, 7, 4, 9, 9, 2, 6, 1, 6, 5, 8, 2, 8, 3,
          9, 2, 5, 1, 7, 4, 4, 8, 2, 2, 5, 4, 7, 2, 9, 8, 7, 0, 3, 4, 3, 5, 1
        ],
        [
          1, 9, 9, 9, 4, 3, 7, 6, 9, 1, 1, 5, 6, 9, 9, 3, 1, 2, 2, 7, 7, 1, 3,
          1, 5, 5, 6, 6, 7, 7, 8, 9, 7, 1, 5, 4, 3, 9, 3, 1, 9, 2, 9, 1, 4, 2,
          3, 8, 8, 3, 4, 5, 9, 2, 5, 6, 7, 6, 6, 7, 4, 9, 8, 3, 0, 8, 6, 9, 4
        ],
        [
          8, 3, 2, 6, 9, 8, 1, 6, 6, 3, 6, 3, 3, 8, 1, 3, 6, 2, 5, 4, 7, 7, 3,
          6, 4, 6, 9, 4, 3, 7, 8, 4, 1, 9, 9, 9, 1, 5, 2, 3, 5, 2, 2, 6, 8, 1,
          6, 7, 1, 5, 1, 5, 8, 4, 4, 7, 1, 1, 4, 2, 8, 9, 2, 4, 8, 0, 2, 3, 4
        ],
        [
          9, 6, 3, 6, 2, 9, 5, 1, 5, 7, 7, 5, 3, 5, 3, 7, 1, 7, 6, 8, 4, 1, 9,
          1, 9, 4, 9, 8, 5, 1, 9, 7, 9, 9, 2, 8, 5, 2, 3, 5, 9, 7, 9, 7, 7, 7,
          8, 8, 7, 5, 6, 4, 5, 1, 2, 5, 1, 5, 9, 8, 3, 7, 9, 3, 6, 2, 0, 6, 1
        ],
        [
          3, 3, 6, 5, 7, 6, 1, 2, 3, 9, 5, 9, 3, 3, 5, 7, 3, 7, 4, 9, 3, 7, 6,
          9, 7, 3, 6, 7, 6, 8, 1, 9, 3, 8, 2, 9, 3, 9, 5, 5, 3, 2, 2, 7, 6, 1,
          5, 1, 7, 5, 1, 7, 6, 3, 2, 4, 7, 3, 1, 7, 7, 6, 4, 5, 9, 3, 6, 0, 5
        ],
        [
          9, 6, 9, 2, 3, 4, 1, 8, 1, 9, 6, 8, 3, 1, 1, 9, 4, 6, 7, 9, 1, 9, 6,
          5, 7, 5, 8, 2, 7, 3, 9, 6, 6, 3, 1, 1, 2, 9, 9, 5, 2, 6, 1, 9, 6, 2,
          2, 3, 7, 7, 7, 1, 2, 7, 7, 5, 8, 1, 7, 8, 1, 2, 7, 1, 4, 4, 1, 5, 0
        ]
      ],
      "3": [
        [0, 6, 4],
        [6, 0, 4],
        [4, 4, 0]
      ]
    },
    "high": {
      "4": [
        [0, 899, 307, 340],
        [899, 0, 600, 812],
        [307, 600, 0, 869],
        [340, 812, 869, 0]
      ],
      "5": [
        [0, 459, 116, 227, 479],
        [459, 0, 743, 84, 489],
        [116, 743, 0, 719, 520],
        [227, 84, 719, 0, 423],
        [479, 489, 520, 423, 0]
      ],
      "6": [
        [0, 585, 358, 177, 620, 639],
        [585, 0, 988, 199, 385, 572],
        [358, 988, 0, 6, 713, 863],
        [177, 199, 6, 0, 312, 651],
        [620, 385, 713, 312, 0, 903],
        [639, 572, 863, 651, 903, 0]
      ],
      "7": [
        [0, 839, 340, 435, 670, 81, 61],
        [839, 0, 967, 325, 786, 613, 708],
        [340, 967, 0, 339, 585, 982, 497],
        [435, 325, 339, 0, 181, 639, 648],
        [670, 786, 585, 181, 0, 698, 225],
        [81, 613, 982, 639, 698, 0, 371],
        [61, 708, 497, 648, 225, 371, 0]
      ],
      "8": [
        [0, 522, 136, 876, 621, 175, 867, 631],
        [522, 0, 388, 927, 17, 991, 180, 217],
        [136, 388, 0, 268, 2, 723, 205, 607],
        [876, 927, 268, 0, 306, 998, 591, 550],
        [621, 17, 2, 306, 0, 404, 217, 844],
        [175, 991, 723, 998, 404, 0, 875, 756],
        [867, 180, 205, 591, 217, 875, 0, 84],
        [631, 217, 607, 550, 844, 756, 84, 0]
      ],
      "10": [
        [0, 21, 21, 89, 343, 8, 461, 573, 198, 774],
        [21, 0, 92, 451, 648, 742, 792, 723, 456, 544],
        [21, 92, 0, 311, 141, 623, 914, 151, 264, 16],
        [89, 451, 311, 0, 167, 143, 579, 509, 188, 480],
        [343, 648, 141, 167, 0, 981, 613, 316, 745, 137],
        [8, 742, 623, 143, 981, 0, 357, 142, 732, 869],
        [461, 792, 914, 579, 613, 357, 0, 787, 339, 873],
        [573, 723, 151, 509, 316, 142, 787, 0, 695, 435],
        [198, 456, 264, 188, 745, 732, 339, 695, 0, 760],
        [774, 544, 16, 480, 137, 869, 873, 435, 760, 0]
      ],
      "11": [
        [0, 975, 409, 327, 583, 426, 2, 435, 799, 792, 369],
        [975, 0, 909, 305, 802, 493, 75, 433, 253, 813, 736],
        [409, 909, 0, 934, 278, 41, 949, 300, 933, 201, 74],
        [327, 305, 934, 0, 642, 537, 203, 83, 737, 916, 247],
        [583, 802, 278, 642, 0, 366, 523, 242, 517, 253, 780],
        [426, 493, 41, 537, 366, 0, 186, 100, 574, 519, 210],
        [2, 75, 949, 203, 523, 186, 0, 655, 224, 452, 485],
        [435, 433, 300, 83, 242, 100, 655, 0, 331, 515, 923],
        [799, 253, 933, 737, 517, 574, 224, 331, 0, 903, 768],
        [792, 813, 201, 916, 253, 519, 452, 515, 903, 0, 360],
        [369, 736, 74, 247, 780, 210, 485, 923, 768, 360, 0]
      ],
      "12": [
        [0, 719, 902, 760, 35, 337, 912, 242, 606, 226, 795, 503],
        [719, 0, 930, 762, 514, 597, 989, 966, 731, 892, 775, 335],
        [902, 930, 0, 609, 802, 175, 810, 790, 251, 395, 949, 962],
        [760, 762, 609, 0, 562, 516, 944, 80, 459, 308, 288, 192],
        [35, 514, 802, 562, 0, 819, 656, 305, 427, 508, 501, 192],
        [337, 597, 175, 516, 819, 0, 877, 982, 110, 281, 840, 287],
        [912, 989, 810, 944, 656, 877, 0, 597, 469, 241, 636, 303],
        [242, 966, 790, 80, 305, 982, 597, 0, 159, 74, 618, 177],
        [606, 731, 251, 459, 427, 110, 469, 159, 0, 549, 330, 153],
        [226, 892, 395, 308, 508, 281, 241, 74, 549, 0, 701, 970],
        [795, 775, 949, 288, 501, 840, 636, 618, 330, 701, 0, 195],
        [503, 335, 962, 192, 192, 287, 303, 177, 153, 970, 195, 0]
      ],
      "15": [
        [
          0, 808, 640, 608, 722, 518, 621, 826, 122, 425, 415, 358, 933, 300, 13
        ],
        [808, 0, 720, 345, 430, 621, 732, 858, 93, 691, 32, 498, 853, 448, 857],
        [640, 720, 0, 356, 495, 393, 301, 342, 947, 16, 551, 399, 23, 402, 561],
        [608, 345, 356, 0, 44, 210, 16, 869, 670, 309, 224, 208, 540, 35, 192],
        [722, 430, 495, 44, 0, 297, 437, 91, 727, 62, 450, 659, 533, 186, 123],
        [
          518, 621, 393, 210, 297, 0, 206, 175, 785, 986, 261, 178, 728, 958,
          940
        ],
        [621, 732, 301, 16, 437, 206, 0, 288, 204, 661, 84, 684, 720, 987, 885],
        [826, 858, 342, 869, 91, 175, 288, 0, 760, 5, 103, 109, 217, 7, 791],
        [
          122, 93, 947, 670, 727, 785, 204, 760, 0, 608, 755, 657, 491, 213, 326
        ],
        [425, 691, 16, 309, 62, 986, 661, 5, 608, 0, 326, 716, 342, 879, 902],
        [415, 32, 551, 224, 450, 261, 84, 103, 755, 326, 0, 400, 611, 981, 163],
        [
          358, 498, 399, 208, 659, 178, 684, 109, 657, 716, 400, 0, 490, 191,
          139
        ],
        [
          933, 853, 23, 540, 533, 728, 720, 217, 491, 342, 611, 490, 0, 536, 670
        ],
        [300, 448, 402, 35, 186, 958, 987, 7, 213, 879, 981, 191, 536, 0, 347],
        [13, 857, 561, 192, 123, 940, 885, 791, 326, 902, 163, 139, 670, 347, 0]
      ],
      "20": [
        [
          0, 910, 273, 495, 620, 21, 443, 200, 187, 142, 174, 459, 229, 731,
          157, 758, 866, 517, 83, 176
        ],
        [
          910, 0, 500, 802, 959, 584, 577, 93, 829, 312, 286, 567, 453, 360,
          473, 357, 575, 928, 479, 938
        ],
        [
          273, 500, 0, 778, 190, 479, 404, 887, 448, 645, 71, 808, 117, 264,
          769, 778, 368, 535, 558, 967
        ],
        [
          495, 802, 778, 0, 253, 925, 593, 701, 509, 736, 369, 964, 327, 205,
          314, 641, 264, 390, 636, 370
        ],
        [
          620, 959, 190, 253, 0, 268, 432, 350, 22, 317, 69, 212, 268, 875, 833,
          483, 48, 785, 450, 147
        ],
        [
          21, 584, 479, 925, 268, 0, 135, 664, 696, 958, 184, 325, 48, 160, 880,
          688, 82, 846, 163, 232
        ],
        [
          443, 577, 404, 593, 432, 135, 0, 311, 166, 963, 145, 26, 208, 605,
          735, 999, 659, 747, 94, 592
        ],
        [
          200, 93, 887, 701, 350, 664, 311, 0, 250, 989, 208, 531, 970, 146,
          201, 703, 288, 990, 660, 612
        ],
        [
          187, 829, 448, 509, 22, 696, 166, 250, 0, 405, 44, 616, 161, 400, 130,
          143, 465, 731, 250, 392
        ],
        [
          142, 312, 645, 736, 317, 958, 963, 989, 405, 0, 18, 58, 556, 309, 869,
          411, 181, 103, 377, 390
        ],
        [
          174, 286, 71, 369, 69, 184, 145, 208, 44, 18, 0, 446, 277, 11, 801,
          373, 259, 590, 139, 526
        ],
        [
          459, 567, 808, 964, 212, 325, 26, 531, 616, 58, 446, 0, 56, 337, 929,
          39, 844, 262, 996, 418
        ],
        [
          229, 453, 117, 327, 268, 48, 208, 970, 161, 556, 277, 56, 0, 386, 48,
          473, 58, 331, 227, 310
        ],
        [
          731, 360, 264, 205, 875, 160, 605, 146, 400, 309, 11, 337, 386, 0,
          793, 816, 172, 898, 539, 858
        ],
        [
          157, 473, 769, 314, 833, 880, 735, 201, 130, 869, 801, 929, 48, 793,
          0, 432, 774, 807, 941, 105
        ],
        [
          758, 357, 778, 641, 483, 688, 999, 703, 143, 411, 373, 39, 473, 816,
          432, 0, 816, 618, 883, 799
        ],
        [
          866, 575, 368, 264, 48, 82, 659, 288, 465, 181, 259, 844, 58, 172,
          774, 816, 0, 728, 173, 620
        ],
        [
          517, 928, 535, 390, 785, 846, 747, 990, 731, 103, 590, 262, 331, 898,
          807, 618, 728, 0, 485, 888
        ],
        [
          83, 479, 558, 636, 450, 163, 94, 660, 250, 377, 139, 996, 227, 539,
          941, 883, 173, 485, 0, 439
        ],
        [
          176, 938, 967, 370, 147, 232, 592, 612, 392, 390, 526, 418, 310, 858,
          105, 799, 620, 888, 439, 0
        ]
      ],
      "69": [
        [
          0, 684, 603, 562, 986, 743, 935, 404, 332, 104, 542, 361, 688, 450,
          301, 649, 800, 601, 612, 849, 920, 444, 310, 53, 913, 277, 851, 226,
          557, 310, 724, 502, 883, 717, 588, 236, 190, 311, 136, 771, 863, 123,
          424, 594, 974, 200, 120, 889, 879, 296, 775, 16, 219, 713, 511, 787,
          188, 91, 998, 453, 204, 667, 381, 581, 723, 508, 512, 264, 762
        ],
        [
          684, 0, 398, 936, 968, 947, 155, 33, 925, 511, 556, 506, 566, 607,
          432, 248, 786, 232, 250, 351, 452, 666, 508, 625, 373, 562, 4, 52,
          400, 448, 466, 467, 833, 777, 460, 533, 605, 967, 670, 309, 508, 667,
          817, 386, 602, 126, 783, 511, 120, 507, 742, 572, 591, 42, 77, 811,
          616, 279, 793, 766, 665, 499, 446, 668, 735, 106, 540, 556, 878
        ],
        [
          603, 398, 0, 12, 454, 815, 632, 709, 400, 976, 916, 328, 726, 66, 90,
          444, 283, 666, 330, 642, 581, 960, 942, 974, 370, 93, 279, 344, 630,
          502, 845, 176, 595, 884, 570, 517, 344, 225, 889, 751, 806, 360, 353,
          221, 755, 817, 433, 128, 402, 429, 6, 73, 747, 707, 569, 937, 665,
          849, 418, 413, 873, 315, 586, 487, 253, 50, 968, 637, 575
        ],
        [
          562, 936, 12, 0, 913, 354, 933, 742, 907, 51, 269, 914, 630, 123, 826,
          149, 913, 45, 198, 287, 723, 541, 855, 652, 276, 135, 986, 705, 752,
          776, 241, 804, 768, 839, 473, 307, 243, 374, 720, 22, 908, 633, 431,
          31, 6, 883, 111, 488, 574, 60, 20, 523, 999, 720, 143, 360, 257, 775,
          16, 273, 219, 905, 605, 139, 823, 556, 440, 788, 528
        ],
        [
          986, 968, 454, 913, 0, 573, 709, 192, 124, 173, 946, 838, 31, 768,
          755, 770, 368, 232, 389, 151, 426, 467, 25, 103, 900, 559, 140, 711,
          389, 710, 533, 240, 496, 13, 482, 559, 228, 138, 851, 645, 483, 877,
          799, 346, 581, 483, 451, 690, 808, 713, 100, 338, 970, 38, 787, 587,
          607, 421, 108, 568, 603, 517, 233, 175, 826, 891, 809, 403, 429
        ],
        [
          743, 947, 815, 354, 573, 0, 920, 64, 497, 349, 284, 204, 903, 117,
          638, 804, 271, 537, 566, 697, 654, 406, 308, 355, 439, 848, 233, 343,
          184, 496, 676, 158, 255, 921, 174, 132, 330, 200, 749, 920, 516, 629,
          275, 114, 493, 840, 839, 712, 624, 581, 908, 95, 469, 340, 630, 676,
          581, 991, 204, 476, 842, 905, 577, 334, 704, 779, 855, 56, 413
        ],
        [
          935, 155, 632, 933, 709, 920, 0, 340, 467, 977, 862, 972, 279, 173,
          624, 776, 138, 637, 899, 958, 579, 783, 314, 577, 274, 726, 537, 210,
          493, 34, 17, 933, 311, 525, 171, 797, 299, 798, 941, 429, 912, 679,
          875, 18, 948, 31, 469, 999, 339, 70, 468, 227, 190, 915, 641, 941,
          679, 908, 463, 261, 904, 898, 134, 846, 151, 705, 604, 681, 649
        ],
        [
          404, 33, 709, 742, 192, 64, 340, 0, 861, 246, 311, 193, 589, 607, 546,
          462, 925, 754, 206, 812, 975, 99, 674, 962, 181, 619, 239, 953, 705,
          661, 294, 330, 908, 96, 748, 779, 179, 795, 649, 933, 646, 803, 841,
          883, 31, 957, 265, 535, 842, 379, 94, 190, 429, 112, 681, 505, 987,
          607, 917, 927, 121, 559, 740, 402, 126, 509, 332, 477, 365
        ],
        [
          332, 925, 400, 907, 124, 497, 467, 861, 0, 956, 992, 449, 947, 393,
          151, 523, 143, 607, 287, 43, 927, 22, 69, 329, 32, 341, 112, 498, 898,
          944, 29, 606, 575, 778, 740, 197, 945, 470, 868, 163, 699, 792, 554,
          933, 835, 831, 291, 42, 252, 874, 979, 102, 731, 617, 506, 878, 561,
          644, 144, 569, 757, 326, 71, 497, 987, 532, 672, 741, 332
        ],
        [
          104, 511, 976, 51, 173, 349, 977, 246, 956, 0, 32, 631, 682, 43, 232,
          167, 767, 858, 431, 659, 815, 531, 227, 636, 978, 921, 586, 336, 598,
          525, 676, 225, 118, 921, 299, 113, 564, 913, 4, 995, 497, 535, 851,
          493, 386, 754, 845, 991, 208, 79, 817, 725, 703, 473, 97, 434, 456,
          437, 292, 728, 114, 606, 299, 328, 144, 467, 733, 342, 183
        ],
        [
          542, 556, 916, 269, 946, 284, 862, 311, 992, 32, 0, 255, 401, 604,
          443, 828, 581, 543, 119, 10, 227, 502, 119, 282, 78, 64, 333, 683,
          153, 985, 397, 783, 252, 839, 584, 712, 354, 241, 305, 496, 804, 290,
          628, 566, 864, 143, 527, 730, 54, 910, 494, 199, 529, 78, 380, 756,
          878, 395, 325, 139, 49, 327, 76, 209, 631, 387, 918, 931, 903
        ],
        [
          361, 506, 328, 914, 838, 204, 972, 193, 449, 631, 255, 0, 681, 424,
          638, 765, 451, 155, 713, 591, 808, 986, 188, 161, 389, 271, 857, 669,
          980, 673, 944, 186, 123, 159, 487, 231, 574, 180, 125, 937, 378, 602,
          618, 454, 448, 9, 971, 32, 324, 60, 359, 818, 543, 479, 363, 417, 976,
          424, 868, 760, 174, 807, 534, 206, 289, 747, 100, 370, 499
        ],
        [
          688, 566, 726, 630, 31, 903, 279, 589, 947, 682, 401, 681, 0, 413,
          196, 231, 245, 820, 858, 353, 855, 594, 639, 90, 377, 100, 607, 865,
          57, 415, 828, 29, 361, 298, 599, 379, 492, 329, 899, 976, 544, 617,
          710, 89, 104, 528, 758, 727, 265, 540, 199, 804, 906, 286, 578, 642,
          933, 147, 231, 491, 783, 49, 378, 268, 588, 813, 475, 467, 594
        ],
        [
          450, 607, 66, 123, 768, 117, 173, 607, 393, 43, 604, 424, 413, 0, 807,
          808, 336, 890, 526, 248, 455, 812, 920, 124, 867, 47, 367, 392, 733,
          428, 997, 759, 885, 581, 524, 788, 206, 859, 644, 386, 300, 932, 657,
          290, 381, 870, 727, 355, 393, 551, 167, 100, 696, 450, 869, 82, 201,
          341, 426, 395, 690, 525, 342, 157, 98, 590, 712, 332, 730
        ],
        [
          301, 432, 90, 826, 755, 638, 624, 546, 151, 232, 443, 638, 196, 807,
          0, 972, 995, 698, 500, 180, 176, 865, 289, 932, 370, 612, 659, 269,
          729, 97, 860, 532, 916, 238, 224, 479, 499, 442, 153, 635, 116, 225,
          878, 416, 488, 418, 14, 563, 357, 754, 482, 282, 461, 231, 145, 496,
          703, 30, 742, 158, 797, 491, 132, 438, 819, 66, 550, 171, 707
        ],
        [
          649, 248, 444, 149, 770, 804, 776, 462, 523, 167, 828, 765, 231, 808,
          972, 0, 993, 222, 492, 728, 136, 234, 157, 924, 860, 158, 965, 228,
          228, 185, 889, 974, 266, 288, 902, 34, 863, 699, 374, 344, 752, 967,
          744, 633, 583, 67, 355, 834, 65, 516, 431, 473, 145, 173, 290, 392,
          768, 771, 346, 368, 597, 751, 683, 291, 736, 651, 375, 365, 454
        ],
        [
          800, 786, 283, 913, 368, 271, 138, 925, 143, 767, 581, 451, 245, 336,
          995, 993, 0, 479, 47, 457, 537, 204, 447, 482, 79, 804, 824, 27, 312,
          622, 74, 191, 671, 167, 693, 55, 291, 221, 558, 721, 101, 446, 964,
          93, 720, 678, 81, 447, 634, 773, 318, 931, 976, 97, 250, 345, 51, 459,
          748, 965, 524, 6, 591, 282, 216, 227, 269, 504, 104
        ],
        [
          601, 232, 666, 45, 232, 537, 637, 754, 607, 858, 543, 155, 820, 890,
          698, 222, 479, 0, 809, 468, 553, 700, 822, 618, 584, 412, 118, 652,
          311, 548, 202, 746, 697, 32, 565, 972, 879, 193, 411, 57, 696, 853,
          13, 445, 436, 562, 706, 899, 412, 918, 195, 108, 859, 796, 961, 309,
          325, 846, 498, 481, 228, 59, 157, 406, 110, 146, 684, 243, 930
        ],
        [
          612, 250, 330, 198, 389, 566, 899, 206, 287, 431, 119, 713, 858, 526,
          500, 492, 47, 809, 0, 416, 234, 842, 673, 662, 625, 474, 702, 370,
          583, 452, 791, 299, 133, 660, 631, 28, 313, 878, 685, 382, 686, 500,
          612, 17, 579, 293, 278, 440, 499, 249, 459, 595, 980, 83, 54, 420, 86,
          581, 119, 694, 678, 823, 870, 278, 98, 315, 109, 749, 430
        ],
        [
          849, 351, 642, 287, 151, 697, 958, 812, 43, 659, 10, 591, 353, 248,
          180, 728, 457, 468, 416, 0, 246, 291, 577, 394, 261, 78, 782, 625,
          493, 944, 907, 545, 531, 633, 817, 820, 249, 652, 811, 12, 418, 624,
          501, 142, 505, 280, 549, 851, 389, 234, 828, 901, 232, 587, 798, 74,
          75, 771, 903, 366, 163, 812, 125, 833, 193, 65, 69, 426, 60
        ],
        [
          920, 452, 581, 723, 426, 654, 579, 975, 927, 815, 227, 808, 855, 455,
          176, 136, 537, 553, 234, 246, 0, 530, 748, 551, 648, 970, 652, 331,
          766, 612, 663, 937, 264, 2, 320, 617, 81, 142, 116, 498, 798, 458,
          916, 30, 584, 413, 140, 513, 659, 730, 462, 954, 298, 794, 293, 606,
          407, 9, 897, 851, 267, 124, 952, 890, 454, 778, 917, 905, 419
        ],
        [
          444, 666, 960, 541, 467, 406, 783, 99, 22, 531, 502, 986, 594, 812,
          865, 234, 204, 700, 842, 291, 530, 0, 213, 227, 731, 833, 727, 547,
          86, 539, 861, 587, 685, 927, 169, 836, 467, 235, 723, 541, 814, 697,
          9, 264, 46, 464, 988, 837, 777, 252, 815, 804, 897, 819, 354, 943,
          329, 978, 471, 258, 507, 938, 44, 987, 451, 93, 794, 790, 998
        ],
        [
          310, 508, 942, 855, 25, 308, 314, 674, 69, 227, 119, 188, 639, 920,
          289, 157, 447, 822, 673, 577, 748, 213, 0, 310, 610, 333, 503, 814,
          783, 439, 3, 953, 694, 184, 211, 901, 594, 434, 468, 361, 290, 264,
          594, 376, 459, 297, 659, 41, 564, 600, 129, 612, 580, 901, 900, 422,
          533, 623, 189, 841, 678, 662, 600, 143, 165, 241, 672, 283, 500
        ],
        [
          53, 625, 974, 652, 103, 355, 577, 962, 329, 636, 282, 161, 90, 124,
          932, 924, 482, 618, 662, 394, 551, 227, 310, 0, 277, 963, 457, 912,
          590, 121, 262, 259, 127, 632, 118, 819, 979, 629, 774, 514, 622, 499,
          268, 787, 481, 110, 33, 880, 689, 478, 716, 56, 911, 816, 160, 598,
          921, 254, 15, 48, 810, 956, 264, 333, 620, 851, 212, 534, 769
        ],
        [
          913, 373, 370, 276, 900, 439, 274, 181, 32, 978, 78, 389, 377, 867,
